0 0 0 0 0 0 0 0 0 0 
0 0 0 0 0 0 0 0 0 0 
0 0 0 0 0 0 0 0 0 0 
10 10 10 10 32538 82
6 1 1 6 5 5 5 5 5 5 
6 7 1 6 5 5 5 5 5 5 
5 6 6 6 5 5 5 5 5 5 
5 5 5 5 5 5 5 5 5 5 
5 5 5 6 6 6 5 5 6 6 
5 6 6 7 1 6 5 5 7 1 
6 7 1 7 6 6 5 5 7 1 
1 1 7 6 5 5 6 6 8 1 
1 7 6 5 5 5 6 1 1 1 
1 6 5 5 5 5 6 1 1 1 
1 4 1 1 1 1 1 1 1 1 
1 1 4 1 1 1 1 1 1 1 
1 1 1 1 1 1 1 1 1 1 
1 1 1 1 1 1 1 1 1 1 
1 1 1 1 1 1 1 1 1 1 
1 1 1 1 4 1 1 1 1 4 
1 1 4 1 1 1 1 1 1 4 
1 4 1 1 1 1 1 1 1 1 
4 1 1 1 1 1 1 4 1 4 
1 1 1 1 1 1 1 1 1 1 